id,class,confidence,x_uav,y_uav,z_uav,timestamp
1,clutter,0.504,-0.0,-0.1,0.8,1781183541.2211711
2,handrail,0.531,-0.1,-0.1,0.8,1781183565.8649662
1,clutter,0.508,0.0,0.0,-0.0,1781185050.873596
1,clutter,0.519,-0.0,-0.0,-0.0,1781196866.191593
2,clutter,0.623,-1.9,-0.9,0.6,1781196875.2579224
3,clutter,0.585,585.0,-33.1,127.2,1781196903.7352664
4,clutter,0.693,548.8,-29.4,126.6,1781196906.5409067
5,handrail,0.541,548.6,-29.5,126.5,1781196906.6565232
6,clutter,0.525,527.8,-26.0,115.1,1781196907.1733732
1,clutter,0.765,0.0,-0.0,-0.0,1781197381.0442705
2,clutter,0.561,1.6,0.4,1.1,1781197398.844893
3,clutter,0.544,5.2,-0.3,1.2,1781197415.4526875
4,clutter,0.587,9.8,-0.1,1.0,1781197434.2002199
5,clutter,0.640,11.3,0.0,1.1,1781197444.8414161
6,clutter,0.519,13.2,0.0,1.0,1781197452.7422059
7,clutter,0.508,14.1,-0.6,-0.1,1781197461.529126
1,clutter,0.566,0.0,0.0,0.0,1781448227.2809863
1,handrail,0.679,-0.0,-0.1,0.1,1781451992.4108367
2,clutter,0.559,-0.0,0.0,-0.1,1781452071.35407
1,clutter,0.597,-0.0,-0.1,0.1,1781452614.2794387
2,handrail,0.735,-0.1,-0.3,0.2,1781452614.7951603
1,clutter,0.581,-0.1,-0.1,0.1,1781455332.438047
2,handrail,0.547,-0.1,-0.2,0.1,1781455332.6214228
3,handrail,0.524,2.7,-0.1,1.1,1781455352.4237351
4,clutter,0.578,3.8,0.6,1.0,1781455360.7233822
1,handrail,0.609,0.0,-0.0,0.2,1781456908.175758
2,clutter,0.501,0.1,0.1,1.2,1781456911.9481933
3,clutter,0.563,1.4,-0.1,1.2,1781456977.4159908
4,clutter,0.562,2.4,-0.3,1.3,1781456980.0652227
5,clutter,0.597,3.3,0.2,1.2,1781456985.769707
6,handrail,0.635,3.8,0.8,0.6,1781457086.9775057
1,clutter,0.537,-0.0,0.0,-0.0,1781458504.384014
1,clutter,0.575,-0.0,0.0,-0.0,1781458582.9138553
1,clutter,0.656,-0.0,0.0,-0.0,1781458680.7756379
1,clutter,0.569,-0.0,0.0,-0.0,1781458744.8565316
1,handrail,0.535,0.0,0.1,0.2,1781459033.0817182
2,clutter,0.509,0.0,-0.0,0.9,1781459034.2020433
1,clutter,0.610,0.8,0.2,1.2,1781463413.524466
2,clutter,0.561,3.8,0.7,1.1,1781463430.3693852
3,handrail,0.514,1.8,0.2,1.1,1781463439.987712
4,clutter,0.503,3.8,1.9,1.1,1781463473.2717373
5,clutter,0.519,1.0,1.9,1.1,1781463487.397517
1,handrail,0.522,-0.0,-0.2,0.1,1781468994.783137
2,clutter,0.606,0.8,0.1,1.3,1781469009.2768648
3,handrail,0.513,1.9,-0.2,1.2,1781469013.4540496
4,clutter,0.513,3.8,0.4,1.1,1781469024.660635
5,clutter,0.763,0.9,1.4,1.1,1781469057.9638546
6,clutter,0.530,3.1,1.7,1.1,1781469065.5582564
7,clutter,0.601,2.7,2.8,0.6,1781469082.5479422
